k0 = 300;
k1 = 100;
k2 = 50;
b0 = 30;
b1 = 40;
b2 = 8;
m1 = 1;     
m2 = 1; 
m3 = 4;